2013-12-16T16:41:44-0500 8 8 10 42
2013-12-16T16:42:04-0500 8 8 10 361
2013-12-16T16:43:23-0500 8 8 10 34
2013-12-16T16:44:45-0500 8 8 10 52
2013-12-16T16:45:17-0500 8 8 10 21
2013-12-16T16:48:51-0500 8 8 10 37
2013-12-16T16:49:32-0500 8 8 10 33
2013-12-16T16:52:16-0500 8 8 10 31
2013-12-16T16:53:02-0500 8 8 10 34
2013-12-16T16:53:35-0500 8 8 10 29
2013-12-16T16:54:29-0500 8 8 10 39
2013-12-16T16:54:53-0500 8 8 10 11
2013-12-16T16:55:56-0500 8 8 10 30
2013-12-16T17:23:37-0500 8 8 10 17
2013-12-16T17:24:19-0500 8 8 10 35
2013-12-16T17:26:37-0500 16 16 40 131
